 Number of Rows is 174 with vector Length 17
Means of column vectors
 136.62631 148.59009 196.34927 378.48126 -2.991324 -3.142285 -3.0494525 209.19408 0.5038239 1.3261774 1.933062 407.98517 0.202104 0.19025081 0.24047178
 Symmat 
 Eigenvalues 
 9577083.0 5263074.5 1757641.4 240305.95 45278.305 34747.754 28866.209 298.77286 133.41579 882.62537 4931.209 6936.6133 9273.151 11853.899 15660.258  
 Writing Eigen Vectors to file
  -0.4333069  -0.2506295  -0.5213783  -0.113758706  0.4696682  -0.39184964  -0.25111037  0.005324957  0.011991494  0.041092478
  0.11013239  -0.3246593  0.73489654  -0.15755668  0.35104808  -0.37989873  -0.103378974  0.0073413015  0.010112025  0.024263805
  0.14637995  0.38415912  -0.13555045  -0.8255328  -0.13540499  -0.17781052  -0.045503825  2.593038E-5  -0.0017550437  -0.0021720922
  -0.8006894  0.15041296  0.37552837  -0.23922588  -0.15352917  0.1685235  0.120061964  0.003048313  0.0016837682  0.008209584
  0.0033426285  -0.015784567  -0.052603148  -0.16536777  0.6078453  0.5675658  0.26572978  -0.00419008  0.012801062  -0.025781853
  0.0049493914  -0.028284717  -0.057717416  0.037104007  -0.08463364  -0.3054978  0.34430486  0.0035358293  -0.0026648925  0.032525644
  0.0060035926  -0.029189717  -0.059433468  0.024927476  0.053891405  -0.1689674  0.67211545  0.002241418  -0.030106483  -0.03636659
  0.21117926  -0.6795392  -0.07750545  -0.4274138  -0.22930816  0.24434634  0.0471871  0.0015160365  0.0027046942  0.011358408
  -0.0020078183  0.008620804  0.022283383  0.09117275  -0.16747943  0.12761973  -0.36246282  0.0035808652  0.018523125  -0.008791696
  -0.003945179  0.010877754  0.022912405  -0.0103975  -0.020508483  -0.061059512  -0.26503512  -0.03302124  0.0145259425  -0.003778494
  -0.005058373  0.018565737  0.038405467  -0.035718407  0.15992627  0.33653063  -0.24700916  0.003526037  -0.0034426404  -0.010610836
  0.3047342  0.44425884  0.10240394  -0.04016649  0.35670316  -0.05375194  -0.047053542  0.010556211  0.015940651  0.05495185
  -0.0029945816  -9.0193603E-4  0.006227645  -0.012191876  0.025483051  -0.045848288  -0.0309418  -0.018574758  -0.12579338  -0.98721987
  -7.319831E-5  -3.5506766E-4  0.0038980048  -0.003142991  0.012485737  0.011697324  -0.028918646  0.16667533  -0.9774307  0.12248677
  -2.3665439E-4  5.402765E-6  0.0046685743  -0.0024955994  0.007661791  -0.0019685468  0.0018186286  -0.98514915  -0.16324195  0.040572017
