 Number of Rows is 144 with vector Length 17
Means of column vectors
 194.21051 108.03573 246.43642 392.01645 -0.20163667 0.17416543 -0.19349748 281.48807 3.4170265 0.34388262 0.26099083 491.10123 -0.21135214 -0.046011012 -0.023881044
 Symmat 
 Eigenvalues 
 1.1614471E7 1954828.8 234280.64 81453.43 16710.625 5458.7393 1744.8564 1333.9889 1208.0281 1011.8519 748.7336 86.23565 54.921833 4.2394567 6.4859247  
 Writing Eigen Vectors to file
  0.3156652  0.45726487  0.5714134  0.5909771  -0.08492616
  0.35160398  -0.5653114  0.6334981  -0.32529297  0.20916392
  -0.02265705  0.007265065  -0.048455052  0.07613734  0.0973318
  0.5400958  0.5772494  -0.13228205  -0.5731312  0.1230295
  -0.001374627  -0.0058848625  -0.024996143  -0.027597148  6.677431E-4
  -0.001219744  -0.004464379  -0.019431112  -0.03212332  0.013801081
  4.3221968E-5  -0.0016365041  0.009539009  0.024513049  -5.69701E-4
  0.69470865  -0.36994213  -0.48042765  0.35566315  -0.14833422
  0.0013783908  0.032903325  -0.13573015  0.20429023  0.91390365
  -0.0012462175  0.0054019676  0.026739836  -0.040114652  -0.063448355
  -0.0011776484  0.0026685288  0.019676752  -0.025339104  -0.12660241
  -0.043412875  0.0052618664  -0.027203357  0.1939561  0.2163111
  5.9643737E-4  -9.7497023E-4  -0.01227819  -0.012551507  -0.012462924
  -1.1139087E-5  -9.6131225E-6  9.516974E-4  -7.585341E-4  0.0038241253
  6.823332E-5  2.6049942E-4  -5.6536746E-4  0.0010749025  1.6249322E-5
