0.6808043	
0.68405366	
0.6880845	
0.68128395	
0.6845303	
0.6885568	
0.6821878	
0.6854282	
0.6894463	
0.68423986	
0.6874662	
0.6914641	
0.68471634	
0.68793917	
0.6919323	
0.68561393	
0.6888301	
0.6928139	
0.6885096	
0.6917027	
0.69565445	
0.6889813	
0.6921705	
0.6961168	
0.6898699	
0.69305146	
0.6969872	
0.69106627	
0.68947035	
0.6898699	
0.69075644	
0.69164085	
0.6925232	
0.69340324	
0.69428104	
0.6951565	
0.6960296	
0.6845303	
0.6885568	
0.6821878	
0.6854282	
0.6894463	
0.69305146	
0.6969872	
0.69106627	
0.68947035	
0.6880845	
0.68128395	
0.6845303	
0.6885568	
0.6821878	
0.6854282	
0.6894463	
0.68423986	
0.6874662	
0.6914641	
0.68128395	
0.6845303	
0.6885568	
0.6821878	
0.6854282	
0.6894463	
0.68423986	
0.6874662	
0.6914641	
0.68471634	
0.68793917	
0.6919323	
0.68561393	
0.6888301	
0.68561393	
0.6888301	
0.6928139	
0.6885096	
0.6917027	
0.69565445	
0.6889813	
0.6921705	
0.6961168	
0.69106627	
0.68947035	
0.6880845	
0.68128395	
0.6845303	
0.6885568	
0.69164085	
0.6925232	
0.69340324	
0.69428104	
0.6951565	
0.6960296	
0.6845303	
0.6885568	
0.6821878	
0.6854282	
0.6894463	
0.69305146	
0.6969872	
0.69106627	
0.68947035	
