Weights from [1] layer to [2] layer
-0.15769437	-0.43979362	-0.113348134	
0.0036369807	0.70110327	-0.23741691	
0.39872056	-2.0325403	-0.43092263	
-0.48244694	-0.7771108	-0.17006262	
-0.5011835	1.1827252	0.92522955	
-0.3097639	1.843231	0.49461874	
0.49241734	-1.4110174	-0.57526684	
-0.17428961	-1.1005859	-0.74738854	
-0.33666542	1.7695358	0.34575418	
-0.022520792	-0.72689503	-0.27868313	
0.3338824	1.0993856	0.48429093	
0.5008639	-1.6402426	-0.7106887	
-0.25633687	0.012333446	-0.11080304	
0.5873665	-1.9752239	-0.5412551	
1.1915344	-3.0675485	-0.25087148	
Weights from [2] layer to [3] layer
-0.5120103	0.36276236	-2.5108142	-0.85142267	1.6341981	2.1021092	-1.9097351	-1.6638287	1.7871026	-0.9576436	1.1040287	-2.3770006	-0.119245715	-2.6042943	-4.115085	
